0.999999999879 1.10452096016e-14 7.67692737655e-13 5.04141161948e-12 4.86566246977e-13 5.11080338096e-17 4.3094517537e-16 1.03821933635e-10 5.39912708216e-14 1.04901814463e-11 
6.42478453277e-13 2.47998402059e-22 4.05361023564e-17 8.72206039937e-14 1.50591790156e-18 0.999999995948 5.63702096476e-15 1.12875419193e-19 1.90836366499e-17 4.05163300264e-09 
2.03793908671e-15 1.15722837994e-08 2.13231317488e-20 0.985063122219 9.78628389876e-11 2.5641435127e-15 1.80806757082e-14 1.61572547249e-08 3.95892561715e-12 0.0149368499497 
3.18738870598e-05 2.8630137141e-13 3.32566246506e-16 2.06383190118e-08 3.55697401979e-14 6.03626266819e-09 0.999968099432 3.09977180541e-15 3.84180785689e-15 5.56746446732e-12 
2.08431280418e-18 0.99999999994 7.39126963758e-17 2.78127788122e-21 2.63723634906e-21 1.61485616633e-16 5.99374631582e-11 9.36394120442e-17 1.99253168501e-19 8.4673256279e-18 
3.64775502764e-11 1.06385838215e-15 1.85001694029e-20 3.48764656365e-15 8.62017790663e-20 4.14463812371e-09 0.999816535279 6.85607264429e-19 1.35339345762e-13 0.000183460539884 
1.57514298107e-11 1.02778101683e-14 8.79087901831e-17 6.94383262468e-15 7.86427022383e-16 5.4052598436e-14 1.14491375148e-11 8.45537283022e-14 0.999999999973 7.53950861054e-20 
2.26194604381e-18 1.14172966199e-13 8.62551370599e-18 7.67896256697e-12 0.999999999969 1.06178802214e-11 5.68364252306e-12 6.6371424191e-12 6.53024690527e-20 6.80912949626e-16 
1.22216633828e-28 3.62855354066e-26 3.04692338974e-22 1.0 3.15457387519e-14 5.06728309646e-18 3.03184270649e-18 3.90362240286e-18 4.18666798501e-18 2.74015440087e-21 
7.31716518523e-13 1.4688145581e-09 4.90337880161e-05 3.07728174288e-16 0.999948018278 2.94646453404e-06 8.79877634815e-15 4.37583208469e-15 4.3882898435e-18 7.65197669895e-17 
2.65125332732e-13 3.97821511017e-19 1.09806415389e-18 1.82111564563e-14 1.56979890891e-13 6.48053782441e-11 0.999999999934 8.56987877699e-13 8.31068984119e-14 8.01940064291e-19 
6.59836615754e-05 0.0157577062256 0.000221234800796 4.47138923499e-06 1.18304484586e-09 0.00100358524258 0.0144298163757 0.966543602559 2.38503304886e-11 0.00197359853835 
9.06553416604e-05 0.0717796688515 0.0124083154426 8.61222081775e-06 0.915642189538 5.52930711785e-06 5.70820951566e-05 1.5568764972e-08 7.93138404419e-06 2.50388392513e-10 
6.7049386845e-14 3.00946718661e-21 5.62825033772e-14 1.71791665786e-08 1.285246652e-17 4.28981784145e-16 5.9220614573e-16 7.12112582867e-15 0.999999982821 1.66792385896e-15 
1.32528556141e-21 2.73069514563e-20 7.04035683774e-15 4.37414592551e-08 1.41730020393e-07 9.73783328826e-08 1.99275639409e-17 0.99999971715 2.70850264569e-16 2.34720658878e-19 
5.44004821455e-21 8.21138953112e-22 9.53234531246e-18 2.10323508313e-11 4.94976116434e-12 4.03444648933e-16 6.98518362422e-15 1.90470223308e-14 4.25629386867e-12 0.99999999997 
3.82139114805e-13 3.72723030685e-16 0.00239407380743 1.58695726195e-17 4.28370813756e-16 0.997605611549 7.57901072034e-15 8.18329028069e-15 3.1464347729e-07 1.39635620706e-16 
2.52021849566e-09 1.01765976501e-13 3.17890392977e-13 8.70985881214e-11 4.9499891861e-07 0.0802519982238 7.37004981647e-10 2.89829149099e-08 0.919747474425 2.44164237761e-11 
8.04620370622e-14 6.02476742576e-16 0.999999999583 5.96544037056e-14 1.014357253e-17 1.01282959843e-15 2.83076964965e-13 3.3614585127e-19 4.16938036081e-10 6.89606317474e-18 
1.23410008567e-09 7.86482140589e-12 2.26340167545e-20 0.999999940766 3.66226445957e-21 5.78274754557e-08 1.6417553948e-10 5.3530077251e-14 2.04804128836e-17 7.42353082812e-13 
1.95633678004e-11 3.67641894185e-13 3.92710932301e-15 3.29854895565e-16 0.999999991408 7.97345433578e-09 5.98004330288e-10 2.23432563425e-14 1.75520321226e-15 1.91137624572e-13 
3.50020275672e-06 0.999987090121 1.67709039076e-11 2.90890297376e-12 1.63641593219e-11 7.88372549357e-12 3.23374608906e-10 3.16388097922e-07 7.33110654456e-07 8.35981060091e-06 
1.21703507777e-15 2.02559686263e-18 1.1787354814e-14 2.49277698888e-15 1.09196976875e-22 9.81880150213e-18 6.10185157531e-15 9.11450224172e-14 2.23450252521e-14 1.0 
0.999999996646 1.2634782801e-10 2.66391278513e-14 2.93732878551e-13 1.35335493326e-15 3.22445696628e-09 2.21997247022e-13 2.96905601472e-12 6.41321983208e-16 1.88271389978e-15 
1.65028258685e-14 1.72341186807e-14 0.994395773628 0.00560365475286 5.71604784605e-07 1.74329839208e-15 3.51726988764e-19 1.37884221453e-11 3.88881533314e-15 2.47129700749e-13 
3.67185637442e-18 3.33601726079e-11 8.69001043069e-14 7.52307814251e-17 1.29369018191e-17 3.28275799427e-18 0.999999999966 5.47640122805e-14 2.13514325988e-15 8.43719879e-20 
0.83419223152 1.17207379719e-11 0.165807767588 1.74935947504e-15 3.17417046869e-12 9.23867286102e-14 8.36367589213e-10 6.31705416353e-12 3.35568706264e-11 1.05935254566e-17 
0.999999999992 2.99916618907e-16 1.44172681384e-15 7.08485189655e-18 3.50272739339e-15 6.77730655228e-12 2.558073881e-16 7.14623530936e-13 2.88386152303e-14 7.30562907928e-16 
2.60975096697e-16 3.57307372621e-15 1.88780151952e-15 1.01347014325e-11 8.70373068257e-18 3.63786630401e-11 4.45642029191e-15 0.999999999953 3.83490895176e-16 6.93784906352e-15 
2.06275687264e-14 5.2096085367e-19 1.88396792981e-16 0.999999999981 7.77364558739e-17 5.12891002645e-19 1.85379941422e-11 1.23625859442e-15 8.23502773685e-19 5.09649943325e-18 
1.49443827445e-13 9.34379711484e-15 7.79816467263e-07 1.88103538691e-17 1.6047354365e-20 4.00882821768e-15 2.11424404132e-18 7.29911955723e-12 0.999999220176 1.63361532514e-15 
0.00298380946847 4.77285012956e-05 1.13572359067e-08 0.996897673835 3.27059168164e-12 5.30995276859e-10 7.07763033187e-05 5.45364067976e-15 1.99570184021e-15 1.30835404603e-14 
3.09318728081e-15 1.38579608583e-14 3.93860922368e-15 2.99689417216e-11 2.85591091098e-14 9.2905281016e-14 7.36869401314e-15 0.99999999997 4.51080613413e-19 8.11001107854e-19 
3.63505705119e-09 0.999999995273 1.71873662577e-18 3.03552444581e-12 1.03930076628e-21 6.43671859333e-18 6.76307336388e-12 1.01145615729e-09 7.02252439522e-11 1.30941919593e-17 
2.2576780099e-13 0.516103387707 1.03068759304e-24 4.07189263073e-14 8.14538617374e-12 1.08803793062e-12 3.83883571724e-12 3.86901217478e-13 1.07551068501e-18 0.483896612279 
0.0140609713181 4.74520997194e-14 1.1187573985e-15 1.93110345214e-12 3.8305391455e-16 1.11309261852e-10 4.05885127257e-12 3.35316862639e-09 4.18511159293e-12 0.985939025207 
0.0401788766612 3.92666035427e-12 6.95174022192e-10 1.66378700643e-08 7.91702606179e-11 2.90477240931e-06 1.29968665365e-09 0.95981819985 2.14598086121e-13 3.68301151598e-13 
8.50906891069e-14 8.24724276173e-15 0.999999999999 1.58620112178e-13 4.59260512461e-24 3.36572518131e-16 1.08231470289e-15 3.19530962737e-13 2.29220841089e-13 1.41632529865e-15 
8.93933558045e-06 8.35729453728e-11 2.79362304033e-09 8.00531807347e-09 1.80708212429e-10 5.69358026499e-07 3.83397465744e-12 0.999755006185 4.19866293813e-10 0.000235473634662 
4.07713395443e-24 1.88716401296e-23 7.48882126875e-27 1.57116695064e-26 7.57205338684e-18 6.26451612664e-22 2.498973448e-19 1.8997583474e-30 1.64003539117e-22 1.0 
4.44905023683e-16 3.5114105067e-14 1.03091501022e-19 1.426516328e-17 4.22599937807e-17 4.27861371165e-12 3.47005680145e-14 7.81124797473e-13 0.999999999995 1.08263971185e-20 
0.999999991795 8.20451829184e-09 2.22672490321e-16 1.09273486689e-17 4.92378974332e-15 6.64559593268e-20 1.96348519729e-17 5.97990544264e-13 3.70261517178e-14 1.15135578542e-16 
4.83658965818e-10 2.89160618079e-23 1.86882829465e-12 4.19606532626e-13 2.62875274923e-14 5.31552303445e-07 7.90365190632e-17 3.46592739736e-14 3.5036560795e-12 0.999999467958 
2.31896589019e-12 8.74022857734e-20 2.41457149485e-14 2.24202752801e-16 9.41699740937e-18 4.06631403999e-19 0.999999999998 1.8787686009e-18 4.04782572955e-19 1.93542850051e-16 
3.65105794802e-14 6.5922219383e-10 6.2770119623e-16 6.94880069003e-20 1.75193011978e-16 5.48379542432e-10 2.16084208116e-16 1.19158162058e-13 3.7053123786e-16 0.999999998792 
4.68519042735e-14 9.36841751817e-11 1.15379865923e-13 4.20223912463e-09 9.45735195851e-14 4.32890320805e-10 7.47777557403e-17 2.93760679894e-14 0.999999994979 2.91479127743e-10 
1.50363416877e-07 1.69457774432e-15 1.48776476442e-16 0.925527684 5.1942536266e-14 1.49633875302e-06 4.29339902971e-08 1.03709647409e-12 7.55623110966e-15 0.0744706263625 
4.07155883651e-05 1.47437666873e-09 0.999959207329 7.32013280485e-13 2.31771753776e-13 1.31003036992e-12 1.79706243895e-11 2.63166457896e-12 6.7950612052e-08 7.63444643637e-09 
4.63757873319e-11 6.39161232382e-15 2.1734371957e-17 0.999999996119 1.4896108103e-18 5.3675277884e-12 3.82101716847e-09 1.9535395296e-14 1.29482955203e-16 8.54508114913e-12 
1.23072534968e-16 1.10618569261e-11 1.08225821773e-14 7.1921173587e-07 9.74898597286e-12 1.50839684572e-17 8.56602037812e-12 4.57116955299e-09 0.999998377544 8.98643313689e-07 
